0.08897730
0.02414973
0.01799174
0.01620562
0.01893633
0.01188838
0.00564967
0.00291132
0.00245787
0.00245134
0.00240971
0.00245708
0.00244897
0.00245482
0.00239923
0.00244029
0.00246954
0.00233901
0.00231427
0.00235996
0.00231168
0.00236124
0.00242409
0.00250321
0.00236048
0.00249559
0.00230460
0.00244164
0.00226992
0.00235452
0.00234347
0.00235145
0.00247962
0.00228816
0.00242469
0.00245889
0.00232153
0.00227876
0.00230936
0.00234423
0.00233367
0.00247087
0.00226981
0.00255274
0.00245650
0.00228527
0.00242268
0.00230924
0.00245410
0.00229192
0.00244801
0.00230959
0.00229257
0.00240918
0.00243705
0.00242609
0.00224162
0.00240798
0.00250598
0.00235819
0.00227907
0.00231411
0.00234921
0.00228962
0.00240010
0.00232291
0.00246200
0.00242159
0.00236375
0.00247606
0.00234149
0.00233440
0.00226801
0.00227801
0.00236963
0.00234244
0.00224239
0.00241149
0.00232367
0.00222985
0.00225836
0.00240197
0.00228139
0.00229462
0.00229614
0.00233641
0.00224293
0.00226075
0.00227200
0.00233971
0.00228545
0.00222576
0.00217525
0.00247597
0.00228764
0.00221888
0.00229099
0.00235673
0.00229747
0.00240287
0.00246227
0.00231239
0.00248345
0.00232342
0.00227426
0.00231373
0.00230331
0.00228408
0.00237907
0.00243871
0.00236199
0.00227977
0.00233357
0.00217771
0.00238523
0.00241729
0.00217628
0.00236019
0.00221753
0.00234040
0.00231454
0.00226083
0.00246366
0.00225628
0.00225160
0.00226855
0.00240301
0.00236203
0.00235324
0.00226356
0.00239921
0.00226001
0.00225709
0.00220934
0.00226823
0.00243536
0.00237099
0.00239659
0.00228652
0.00236902
0.00239561
0.00236449
0.00241682
0.00224465
0.00224556
0.00216842
0.00241793
0.00228131
0.00219971
0.00230578
0.00234206
0.00226799
0.00231881
0.00228868
0.00217837
0.00229765
0.00231564
0.00229949
0.00230494
0.00225779
0.00219563
0.00236541
0.00221802
0.00226530
0.00220336
0.00223934
0.00222129
0.00212120
0.00217450
0.00214474
0.00230393
0.00227051
0.00233217
0.00232069
0.00232160
0.00240066
0.00226515
0.00237637
0.00235074
0.00237049
0.00225683
0.00225710
0.00222022
0.00236544
0.00219840
0.00220217
0.00222753
0.00226305
0.00221672
0.00233903
0.00224086
0.00223735
0.00224996
0.00222884
0.00226370
0.00221263
0.00226169
0.00222369
0.00227496
0.00222403
0.00230241
0.00232115
0.00222648
0.00229216
0.00226815
0.00231432
0.00219411
0.00237472
0.00213011
0.00217056
0.00223131
0.00235794
0.00237239
0.00231386
0.00225800
0.00226831
0.00224304
0.00228283
0.00227794
0.00230220
0.00221366
0.00213583
0.00216268
0.00214982
0.00229285
0.00238566
0.00208149
0.00216398
0.00225810
0.00217691
0.00214251
0.00226143
0.00225147
0.00226861
0.00216414
0.00220966
0.00223520
0.00225325
0.00227667
0.00227064
0.00223620
0.00228288
0.00224200
0.00227259
0.00242265
0.00238481
0.00211320
0.00220445
0.00221489
0.00224912
0.00210792
0.00221004
0.00218964
0.00217420
0.00214579
0.00219680
0.00217887
0.00214902
0.00209857
0.00220751
0.00224686
0.00215620
0.00222126
0.00225320
0.00224699
0.00217197
0.00218634
0.00242511
0.00215556
0.00218455
0.00217812
0.00228103
0.00222217
0.00219175
0.00223472
0.00234302
0.00224248
0.00228342
0.00222886
0.00209105
0.00223512
0.00211697
0.00241143
0.00220755
0.00219555
0.00217462
0.00223117
0.00214470
0.00217322
0.00225921
0.00215911
0.00219298
0.00222215
0.00220801
0.00218998
0.00233396
0.00209686
0.00201163
0.00217642
0.00208721
0.00215849
0.00222025
0.00217077
0.00218470
0.00219748
0.00209557
0.00221845
0.00220296
0.00215344
0.00218392
0.00226922
0.00225137
0.00213072
0.00204245
0.00214648
0.00215534
0.00216233
0.00206246
0.00219445
0.00218192
0.00212869
0.00220215
0.00213064
0.00213716
0.00213364
0.00229534
0.00226036
0.00214060
0.00217128
0.00213789
0.00219345
0.00215119
0.00234829
0.00224253
0.00207922
0.00212293
0.00205539
0.00211265
0.00221626
0.00224000
0.00225858
0.00210191
0.00211380
0.00219571
0.00213427
0.00205157
0.00220210
0.00207664
0.00204624
0.00216565
0.00209802
0.00208315
0.00205750
0.00213110
0.00216031
0.00215083
0.00209544
0.00220058
0.00236511
0.00227778
0.00221517
0.00204282
0.00219235
0.00214047
0.00212152
0.00225601
0.00205351
0.00219856
0.00212404
0.00213812
0.00212826
0.00217711
0.00207620
0.00226135
0.00215401
0.00222836
0.00218224
0.00217270
0.00212592
0.00213248
0.00216967
0.00217236
0.00214869
0.00220369
0.00224115
0.00206651
0.00217891
0.00209226
0.00219129
0.00215292
0.00214232
0.00208356
0.00206312
0.00207694
0.00206036
0.00217294
0.00206917
0.00202516
0.00210978
0.00211470
